200 200
200
41 181
52 53
85 39
94 171
47 178
188 112
90 175
68 98
105 138
162 92
12 72
74 154
78 199
78 116
103 160
192 160
68 139
54 63
153 133
98 141
116 122
177 94
112 74
70 62
180 54
198 35
141 129
25 180
4 76
191 60
114 79
58 19
110 16
72 60
164 100
34 57
73 194
161 94
89 44
191 137
95 173
83 66
170 101
78 8
126 38
140 137
32 182
65 101
113 153
154 29
85 70
136 145
135 109
96 143
148 7
111 182
117 170
125 30
33 138
142 144
33 13
49 183
69 151
171 128
73 191
70 199
154 60
7 31
149 89
54 48
19 137
199 37
77 5
193 15
80 6
21 190
36 181
131 180
110 79
91 70
90 153
78 118
57 42
137 125
173 176
171 57
93 155
147 10
67 60
167 7
174 90
198 154
48 106
162 100
5 41
195 198
78 156
28 112
40 197
116 105
115 100
117 133
186 98
172 125
121 63
48 123
183 115
153 1
25 7
84 42
154 158
84 188
21 27
99 123
94 142
191 155
91 11
144 95
137 17
22 56
170 159
199 179
186 72
159 97
79 163
53 171
116 17
35 11
159 45
58 82
131 166
41 54
10 156
167 52
190 127
132 51
70 58
88 161
160 104
195 29
49 141
105 32
145 18
102 71
18 186
185 75
120 190
188 48
63 143
19 11
169 43
64 114
185 110
11 38
174 33
50 199
35 51
188 196
182 167
42 94
22 46
172 199
81 34
49 128
84 62
46 170
29 119
26 76
31 7
133 192
109 37
111 113
43 165
39 167
187 177
191 32
49 168
7 147
42 94
163 51
44 194
196 18
57 79
37 82
155 175
125 90
128 185
129 162
146 86
46 69
31 56
63 87
16 174
28 85
135 75
184 117
124 44
69 128
107 126
135 138
125 1
128 43
93 23
48 143
183 67
86 3
27 183
39 147
91 147
33 127
149 139
119 178
56 112
197 21
143 100
183 108
105 0
193 37
114 61
54 23
11 129
133 120
183 19
176 142
93 20
164 55
144 181
9 108
144 63
144 111
178 25
98 11
102 69
116 91
120 11
85 149
21 106
79 128
49 143
130 61
79 162
141 194
154 117
71 12
2 124
96 9
151 63
112 166
119 112
196 129
193 118
36 54
97 114
67 166
36 10
73 104
159 165
67 60
145 111
189 69
142 143
91 103
22 185
31 181
142 84
126 73
68 156
21 181
189 116
190 133
26 82
67 77
111 100
30 5
142 197
149 19
125 179
48 9
122 49
77 59
178 77
162 98
65 99
63 148
42 177
128 111
141 41
72 99
127 181
33 145
188 142
77 112
57 116
170 199
134 23
0 94
99 122
79 176
196 185
106 7
8 66
159 35
86 53
17 93
85 45
159 165
161 2
166 111
184 164
118 197
158 184
136 162
122 141
163 28
147 192
89 14
6 155
62 198
97 11
13 62
139 188
134 20
77 60
176 37
191 184
38 159
72 5
67 192
185 7
28 6
3 187
36 106
91 125
180 157
27 161
134 114
122 157
49 126
99 169
190 46
111 186
106 58
62 170
45 13
10 170
123 52
198 112
195 134
124 68
55 112
56 23
2 49
51 137
103 5
165 125
87 124
23 107
33 113
40 126
33 84
150 65
124 120
6 115
185 109
164 72
42 170
54 53
91 64
194 164
147 42
59 171
84 57
179 68
51 126
47 100
28 154
34 62
23 48
35 124
162 161
0 123
192 196
49 93
35 194
53 92
152 121
134 115
194 4
80 193
139 113
145 106
9 98
99 166
79 141
102 66
183 160
30 27
90 167
0 174
132 120
177 64
2 188
98 196
54 163
10 138
92 100
130 147
2 93
0 57
42 98
28 19
159 167
134 21
44 68
123 42
86 38
16 104
49 110
178 162
45 8
77 60
45 92
148 166
29 134
193 145
168 182
18 17
76 176
48 78
14 4
2 181
150 105
72 35
42 90
163 133
113 184
144 120
11 3
121 90
66 88
102 45
118 196
127 187
13 148
7 10
165 17
36 146
48 102
165 65
142 19
154 166
19 75
80 132
38 10
117 8
143 171
86 4
127 152
27 6
87 79
166 122
68 124
33 108
10 158
35 168
129 32
74 46
55 18
88 12
79 115
121 66
72 165
116 1
84 114
89 78
143 110
80 64
50 192
91 4
129 21
143 32
17 2
151 47
94 162
35 12
61 188
4 158
132 91
151 83
107 55
106 175
151 163
81 4
88 30
66 69
122 155
60 130
29 194
166 91
142 161
152 103
135 138
19 41
120 165
130 6
6 56
32 152
13 52
58 65
195 170
187 183
181 90
182 61
75 80
67 22
185 49
166 9
195 43
3 51
61 108
21 11
10 35
158 105
117 46
99 120
57 195
143 91
63 154
159 26
87 74
77 77
79 139
109 172
156 191
78 189
196 107
45 94
118 191
179 183
52 166
189 197
157 27
151 145
132 83
59 33
60 12
175 105
29 34
84 120
143 1
147 108
59 149
160 154
121 3
51 10
163 180
88 172
75 67
55 58
122 74
199 45
155 132
165 65
159 93
128 82
73 36
178 26
51 14
16 54
163 101
161 43
104 70
119 172
65 187
113 0
131 10
90 68
22 180
93 51
71 188
2 52
157 65
32 15
88 116
29 153
46 40
167 155
76 62
29 112
11 102
45 126
135 36
64 199
154 9
117 164
49 12
18 87
11 95
101 164
3 78
8 158
12 175
114 194
18 159
172 58
6 185
21 30
196 129
183 34
73 62
116 5
195 121
5 22
116 152
101 16
14 33
6 111
7 167
115 149
188 158
176 37
70 34
123 49
5 120
160 58
48 29
10 36
99 84
21 194
71 193
144 99
167 123
5 113
104 182
150 127
91 56
167 192
180 132
144 50
197 16
57 105
175 124
98 181
14 165
173 64
187 88
97 19
19 109
104 30
191 116
1 53
175 142
24 99
165 172
40 52
35 14
191 55
102 161
59 139
79 21
23 109
29 110
72 151
123 103
147 54
112 188
117 136
170 74
133 153
140 122
103 25
135 125
125 39
142 168
165 193
84 188
14 5
12 138
102 110
109 28
97 189
93 52
74 174
112 113
47 112
147 67
78 11
173 127
174 197
181 70
43 46
143 53
81 15
177 133
154 4
60 10
62 75
120 150
57 190
192 90
185 2
32 122
35 2
126 53
153 195
182 108
53 93
51 194
160 22
99 196
92 160
169 1
48 91
86 158
142 114
184 91
177 81
59 171
141 181
75 43
26 104
125 161
8 133
4 199
90 30
166 55
87 170
163 77
194 76
6 7
99 149
145 178
144 33
18 137
170 14
101 116
130 64
169 142
9 131
11 3
134 60
150 173
111 160
18 10
157 69
180 145
135 178
179 67
155 115
6 48
32 92
167 68
61 69
23 196
143 132
54 126
136 22
27 108
97 196
74 100
53 164
54 107
144 3
124 14
167 167
91 30
144 70
92 5
119 18
168 165
168 89
147 13
16 184
31 2
122 17
10 123
135 105
122 84
174 194
66 174
101 78
130 172
27 75
76 77
139 53
157 55
18 21
31 108
110 65
126 115
119 149
16 185
185 74
91 58
136 114
162 0
149 71
91 46
112 96
194 142
18 33
74 44
186 91
126 171
68 85
159 117
43 16
149 199
147 147
160 89
9 49
168 7
99 124
149 119
98 133
133 52
187 95
137 182
77 161
83 68
194 66
184 161
174 52
114 59
89 16
144 123
132 2
16 26
157 113
126 54
173 12
158 19
188 16
177 48
123 74
193 135
185 31
175 192
111 88
60 135
4 45
8 81
83 95
3 57
114 118
153 159
24 94
125 99
28 95
177 20
176 108
25 25
140 105
38 2
144 142
122 64
110 93
108 42
144 54
47 67
94 74
151 195
16 17
109 181
21 67
114 84
185 94
182 84
89 17
46 6
59 78
81 5
149 36
14 71
70 73
20 132
138 91
190 85
118 3
90 18
64 111
64 159
193 176
162 69
1 127
168 133
117 100
5 175
79 111
13 158
193 173
21 110
126 6
154 71
171 199
122 82
167 44
57 116
17 162
75 58
105 115
36 59
5 198
109 98
60 149
163 1
36 109
136 183
3 192
141 188
104 50
105 47
141 47
5 120
144 24
17 164
20 40
111 156
110 132
174 93
41 64
122 196
52 28
105 136
42 21
137 150
187 136
40 62
167 87
26 149
104 106
12 52
170 86
178 42
21 145
82 125
124 157
128 56
65 5
28 22
181 20
98 129
114 27
151 88
29 22
123 53
104 158
115 57
172 165
20 156
183 64
55 50
73 133
186 33
151 161
28 2
153 154
7 159
152 122
137 59
67 77
15 113
149 160
114 44
117 2
38 42
160 107
130 81
110 147
1 177
181 83
103 59
190 133
173 88
109 62
101 64
37 153
13 84
140 22
142 187
11 14
45 123
100 194
2 69
146 93
174 113
166 20
143 35
92 104
81 123
111 152
68 9
181 192
65 186
85 109
38 19
6 49
116 145
43 65
65 195
29 23
68 153
64 78
86 157
28 45
61 183
52 137
26 43
126 49
101 17
5 174
70 1
191 10
67 57
47 183
31 187
181 75
31 11
89 117
76 187
69 67
193 53
130 35
190 86
100 174
174 29
170 95
141 66
61 80
192 64
184 100
73 195
177 127
12 43
179 93
152 80
147 58
81 47
151 199
181 182
166 94
125 112
109 20
79 190
137 172
158 111
176 33
199 105
30 54
117 78
33 145
20 119
86 157
156 185
191 61
186 164
158 18
70 11
186 133
34 141
80 33
117 198
141 60
115 152
160 72
52 182
71 118
151 30
48 40
170 37
63 45
145 147
192 54
93 194
40 143
35 56
65 146
182 177
54 184
6 105
85 62
170 95
112 155
125 41
170 59
14 167
77 173
43 4
24 148
110 25
133 198
36 117
116 198
46 95
124 141
154 193
27 178
68 144
46 51
49 102
182 156
74 88
140 123
198 82
32 141
23 47
131 136
69 5
28 173
189 186
31 142
89 102
199 56
121 13
99 35
83 113
98 14
162 31
107 189
100 35
43 16
108 30
178 33
11 8
63 19
65 14
168 19
173 111
171 82
61 1
7 40
195 158
157 29
4 193
176 146
165 59
10 115
130 93
177 194
108 73
140 119
105 168
62 189
152 199
126 35
15 45
31 1
174 180
10 18
107 171
40 138
76 120
101 113
198 176
71 185
120 142
132 110
107 78
41 119
16 165
73 190
92 169
84 96
33 102
47 55
119 195
122 137
64 20
50 192
94 149
56 199
2 96
187 52
195 162
155 130
4 28
18 171
85 50
163 199
18 2
69 142
77 35
27 187
83 137
89 66
106 187
166 44
133 91
48 137
90 165
147 18
108 196
69 69
56 99
43 47
75 180
62 131
61 14
115 23
96 93
87 94
40 163
116 72
198 84
30 3
64 86
61 39
40 106
180 190
179 141
54 104
175 89
23 182
7 10
82 178
138 194
137 24
26 35
191 156
199 191
101 27
73 87
132 174
22 140
15 187
74 21
133 56
108 177
162 189
32 130
84 166
131 95
105 196
59 159
17 120
51 195
129 42
149 14
87 63
188 49
94 34
29 158
101 39
186 95
187 21
186 142
40 173
146 43
2 64
21 23
107 127
29 10
154 190
1 87
21 192
75 90
184 187
81 1
164 84
59 12
78 141
80 6
10 170
171 176
54 173
80 124
13 133
11 159
115 126
28 116
112 195
73 175
123 65
123 152
195 199
148 145
65 134
144 162
53 78
177 91
2 3
112 69
180 91
133 15
46 36
44 5
43 173
21 149
69 24
63 42
125 157
102 20
2 11
183 157
75 30
29 96
43 66
170 135
144 165
59 187
102 168
25 161
11 197
182 159
27 29
81 106
151 40
110 69
131 196
36 27
79 103
123 79
63 46
188 198
0 132
50 10
76 13
95 3
122 129
187 172
90 66
129 28
167 25
107 21
99 59
189 118
97 136
79 53
61 146
165 32
46 92
151 176
153 159
35 135
45 160
147 134
163 68
195 53
31 186
80 47
117 3
51 47
8 65
128 192
107 120
19 37
153 59
49 118
8 78
179 16
59 151
121 4
57 72
48 102
46 55
55 35
75 54
25 38
121 59
43 19
69 3
12 162
189 128
89 68
5 27
171 114
4 80
7 189
44 32
4 128
42 38
94 187
170 65
162 48
112 8
85 39
119 86
56 30
131 115
135 63
20 180
64 61
52 179
62 148
65 16
165 176
0 14
8 83
195 26
199 44
115 103
28 191
65 68
169 124
141 55
184 80
73 12
146 20
1 59
134 23
192 10
187 71
151 91
74 163
77 41
57 57
141 64
8 159
108 176
171 167
84 122
137 32
172 163
72 93
50 99
65 64
82 168
142 59
39 77
186 63
112 10
48 42
151 103
113 150
104 54
24 43
104 65
135 132
194 162
39 111
20 58
74 101
190 126
196 22
74 108
64 17
196 192
183 168
198 81
7 10
97 41
135 4
72 46
123 12
97 125
175 65
64 38
167 31
25 197
26 164
183 96
192 38
36 6
187 64
57 150
93 120
18 36
16 123
116 141
145 157
18 92
164 70
66 79
20 3
97 29
11 52
152 38
194 45
187 140
70 31
118 74
26 190
25 77
182 132
162 126
11 25
69 125
103 181
93 192
59 18
51 196
189 124
68 55
194 34
79 130
192 130
19 82
53 115
66 50
106 125
165 35
194 186
150 132
66 106
3 192
171 150
110 2
156 110
26 33
158 43
113 97
24 12
166 190
96 145
91 129
128 107
72 189
135 129
128 124
134 65
37 144
39 171
54 112
11 117
141 89
113 91
73 108
14 179
192 188
147 175
20 62
168 112
118 198
27 172
104 78
74 122
21 65
191 50
45 93
86 88
115 34
29 133
156 177
123 199
60 3
164 182
65 52
0 79
41 173
67 128
187 39
131 35
99 34
37 58
117 161
38 5
0 153
163 78
31 36
84 11
111 90
138 14
39 186
78 2
187 166
39 30
135 11
109 16
75 80
52 84
6 42
16 107
116 125
47 121
193 67
173 61
164 110
194 148
178 127
12 153
101 157
45 154
33 53
108 114
95 84
191 16
8 168
196 65
106 25
175 134
178 39
37 164
39 83
2 33
27 83
41 167
13 1
118 111
4 63
56 188
199 10
22 100
59 158
57 179
59 53
77 174
153 97
187 123
108 192
85 90
128 189
59 132
28 130
42 150
75 37
54 119
23 6
175 132
198 142
167 123
39 34
36 71
68 56
158 139
29 148
158 109
119 40
37 7
4 85
96 120
142 13
28 153
123 137
175 90
24 157
90 57
67 115
117 137
40 73
46 36
69 122
13 96
25 133
125 16
144 133
19 95
193 62
174 87
143 71
82 117
152 48
2 172
69 33
103 124
139 129
3 72
46 127
9 114
131 36
112 83
72 17
199 7
20 154
22 166
142 183
84 98
170 191
166 129
111 84
19 138
67 195
19 171
52 63
193 133
143 177
179 92
139 129
153 174
145 109
182 134
141 18
72 91
75 60
82 133
0 174
157 177
171 130
190 192
106 98
179 199
69 24
4 129
44 36
25 148
174 139
26 163
189 187
52 63
107 11
23 131
9 20
16 167
67 98
46 138
137 187
51 85
122 79
2 197
23 139
62 41
22 120
81 187
109 2
103 154
117 41
140 103
85 23
95 140
144 44
113 114
131 57
89 53
108 159
180 173
81 146
23 103
120 17
57 150
136 145
63 118
166 103
48 105
165 153
29 18
75 145
151 41
49 78
114 142
6 141
105 55
53 139
57 14
133 74
19 76
102 154
74 104
141 127
41 110
145 159
164 138
148 184
182 148
91 181
149 168
108 151
174 125
85 176
99 104
120 114
141 14
179 28
182 134
59 115
133 51
111 57
22 102
96 101
143 79
31 1
137 105
26 6
198 30
64 167
137 199
93 88
73 44
82 137
148 22
147 110
179 189
138 197
102 74
99 20
87 82
9 190
61 198
170 88
57 194
139 120
4 60
87 54
12 29
96 193
30 113
117 192
171 162
79 155
40 12
90 116
38 117
111 63
88 184
16 162
173 115
16 140
182 31
61 16
16 119
4 196
137 4
166 168
157 146
11 57
48 18
87 153
115 81
43 16
56 105
184 69
153 105
80 192
97 145
1 73
186 96
177 28
111 188
73 36
158 120
32 89
140 160
164 161
62 156
87 173
153 6
173 49
121 31
27 172
42 83
88 124
103 145
189 173
165 178
186 53
176 0
63 181
184 165
10 181
148 190
18 44
132 28
13 170
118 154
186 2
43 62
87 96
71 50
81 17
91 4
143 123
139 12
97 63
14 59
95 61
114 6
144 46
177 86
36 89
24 112
84 75
120 23
35 194
119 49
28 51
167 111
143 137
99 135
67 8
175 119
92 158
177 183
38 89
15 56
197 90
50 20
51 124
181 74
24 198
184 42
159 90
152 68
116 195
18 38
117 116
69 198
72 181
128 178
1 196
32 145
82 122
135 2
131 108
187 198
89 172
63 105
28 163
130 85
39 190
17 1
154 99
199 30
101 87
14 86
61 129
192 5
49 113
2 41
52 125
182 78
5 134
174 111
3 187
123 166
182 54
191 169
115 124
122 160
178 106
176 56
106 45
19 150
118 32
174 90
72 86
146 83
166 153
126 162
74 52
175 162
134 86
85 150
198 166
22 57
70 147
150 79
134 6
166 101
176 98
181 60
191 65
199 178
106 26
59 198
10 113
86 64
124 16
186 167
32 172
129 124
42 116
192 174
180 95
58 155
103 91
52 82
182 192
162 181
189 162
134 112
56 8
100 60
196 94
150 37
10 127
16 194
102 108
2 43
33 11
11 189
128 160
112 30
141 16
164 160
161 49
111 112
180 192
93 168
142 7
177 186
189 144
66 40
187 49
52 183
15 56
0 0
8 72
77 23
184 10
7 65
51 87
22 120
184 137
116 161
23 110
128 154
29 53
198 0
169 158
116 46
146 119
165 162
19 60
72 82
138 82
191 37
20 53
103 92
159 20
198 56
73 169
19 113
91 45
184 182
23 133
44 128
28 66
37 191
199 44
163 91
199 163
54 185
149 174
6 60
110 155
118 61
193 170
69 41
97 27
94 16
89 184
125 107
28 5
187 82
172 135
138 5
175 7
31 18
41 172
103 149
99 72
29 104
169 58
138 77
119 146
88 107
185 194
166 29
107 62
96 154
91 5
181 25
134 100
130 17
87 55
4 163
64 175
140 98
72 137
170 62
9 59
65 166
165 74
106 159
193 137
184 67
190 106
91 56
172 165
76 117
5 145
91 125
37 105
132 26
41 121
157 15
162 72
127 189
1 100
1 141
47 161
52 103
134 137
55 39
59 52
154 51
41 92
110 191
150 105
165 69
54 125
2 128
171 111
2 105
141 52
92 142
25 64
76 149
120 37
74 115
181 28
181 164
17 24
134 65
130 41
182 180
169 55
78 70
161 9
30 100
65 32
139 146
33 193
173 144
126 30
129 184
17 131
31 123
68 79
130 104
80 90
103 112
65 27
117 11
82 154
62 176
23 8
3 98
199 99
76 80
36 81
60 73
40 141
79 155
169 40
166 71
132 21
168 53
42 188
9 37
102 50
137 26
42 160
43 15
116 95
152 159
130 81
171 192
44 153
124 72
109 157
78 36
31 170
194 77
127 180
27 127
40 5
52 22
66 165
65 17
96 188
197 54
175 117
99 143
20 59
143 110
94 180
192 178
168 59
151 23
88 153
78 190
189 134
19 31
147 76
76 59
11 32
164 165
152 57
140 193
198 162
18 25
119 175
170 131
88 188
179 14
106 61
58 190
91 41
35 157
46 8
13 181
105 42
135 123
142 117
89 41
122 176
159 25
180 101
128 131
31 190
55 112
18 159
112 197
106 14
101 22
173 114
132 181
31 158
38 22
98 21
188 84
147 65
174 67
178 119
120 85
28 162
50 80
71 69
121 100
72 98
152 138
170 129
163 74
195 86
8 132
181 81
137 181
122 147
13 44
61 128
133 84
105 87
77 82
58 176
33 139
148 129
7 152
122 136
158 0
69 22
104 103
58 31
117 164
182 124
124 103
74 87
22 84
130 68
145 25
47 164
168 12
84 158
109 116
20 144
139 0
114 28
138 153
76 116
11 49
128 57
157 72
79 114
112 57
78 56
41 62
188 63
164 62
28 40
37 189
12 134
160 76
120 62
196 190
40 23
192 114
82 2
18 9
173 185
17 23
164 43
42 155
122 189
47 6
193 51
66 70
72 115
22 49
111 71
150 178
73 154
190 43
38 119
42 181
3 81
194 13
192 179
113 69
139 67
73 125
13 21
134 8
119 158
59 27
143 183
191 51
155 167
31 187
23 122
116 11
120 20
72 39
192 123
130 31
61 34
156 94
57 72
188 83
37 69
5 129
21 68
185 139
37 102
148 175
37 147
63 75
72 182
99 136
14 1
41 46
198 184
31 140
39 65
107 127
161 186
95 172
11 154
136 88
130 88
197 75
147 107
130 110
116 188
28 98
76 32
144 82
111 46
79 5
59 23
197 158
132 168
158 36
112 90
165 160
181 147
4 5
90 58
106 61
125 166
71 182
33 2
181 119
8 125
26 155
132 31
89 47
107 85
94 2
75 133
22 176
139 134
13 121
16 30
94 85
22 83
16 6
29 19
96 104
188 42
146 110
112 191
140 67
89 32
189 93
148 97
166 83
26 13
193 9
0 192
0 168
107 119
25 111
154 18
17 86
78 196
38 18
189 79
76 1
85 71
84 15
75 41
145 93
8 115
138 21
160 7
73 55
34 132
183 66
36 110
89 74
127 174
127 1
137 181
63 103
44 152
114 38
103 170
7 114
135 49
68 35
77 81
43 186
82 187
162 153
74 1
193 136
10 120
101 169
61 74
5 64
122 66
27 91
185 60
114 44
68 92
87 52
36 24
39 63
8 28
135 2
9 38
23 178
91 95
24 91
110 24
63 153
9 177
30 124
104 128
110 141
154 20
20 129
63 138
68 192
117 9
145 74
158 94
22 163
188 151
84 183
105 3
77 43
125 119
6 59
117 118
67 184
169 5
86 181
165 177
99 129
190 149
162 199
45 80
193 174
170 128
131 98
193 15
159 157
70 136
92 0
41 17
177 64
178 32
128 98
180 116
126 105
18 126
90 55
7 120
143 178
33 28
73 102
154 95
109 79
146 3
39 68
64 115
56 78
65 151
110 15
46 110
10 165
99 54
179 93
146 143
55 150
130 49
132 167
33 140
24 147
95 95
165 175
35 138
23 163
158 155
180 186
159 21
65 174
30 111
67 18
163 152
128 170
125 73
138 178
116 165
14 55
11 162
116 109
118 79
42 197
34 87
82 77
31 138
129 58
175 26
47 195
146 129
9 110
183 164
112 81
107 157
3 103
18 104
15 40
45 121
32 113
76 63
113 90
18 104
62 123
63 66
100 145
47 8
108 4
67 40
174 98
189 97
184 124
138 92
77 134
66 197
16 157
85 41
82 88
171 184
41 26
46 199
41 177
188 173
11 82
192 144
35 103
124 127
192 169
120 2
147 103
150 183
146 40
54 55
86 170
49 25
11 120
42 53
122 183
137 36
13 191
107 163
134 55
83 103
94 85
112 82
13 55
13 84
150 60
170 117
84 95
28 41
99 113
176 73
160 138
163 134
148 47
26 195
132 174
196 74
133 133
12 117
157 63
2 155
139 64
49 189
111 122
129 77
76 152
154 93
94 77
5 193
38 13
20 71
21 26
49 15
160 125
34 176
133 147
138 21
75 112
145 187
160 170
197 135
21 62
107 92
37 51
191 84
88 72
101 2
119 65
113 171
54 23
99 133
61 37
109 113
30 118
110 139
44 94
103 23
36 57
183 163
114 161
179 96
6 159
62 10
107 190
68 141
91 129
33 104
97 148
30 145
98 168
101 49
51 92
115 82
68 181
6 5
15 88
170 195
78 43
27 165
167 134
35 19
50 35
139 5
35 58
28 157
84 75
124 124
29 9
51 124
19 13
174 94
80 10
111 32
53 149
167 123
191 13
157 54
190 154
25 92
26 129
100 6
13 114
171 196
191 78
152 183
78 193
74 68
122 75
10 41
96 182
152 40
141 188
132 152
151 186
71 65
119 17
12 10
69 30
47 147
176 173
43 22
124 20
112 111
151 71
63 90
182 49
12 123
139 37
83 0
4 190
109 103
154 65
36 43
20 187
96 98
42 168
11 119
194 180
104 57
70 186
169 163
160 61
48 41
194 194
5 59
175 157
188 115
0 6
101 173
71 33
71 108
40 4
25 159
50 45
66 195
8 98
22 92
113 168
15 102
73 184
46 46
103 52
169 17
1 39
16 59
156 104
14 188
67 81
90 33
125 86
4 50
186 29
180 16
28 54
121 127
124 86
87 192
89 192
151 91
139 130
29 175
108 92
126 27
188 74
198 142
28 113
60 94
130 193
33 69
151 137
17 103
159 132
139 45
148 132
15 115
85 152
120 89
122 169
23 7
195 67
173 18
87 95
29 144
96 112
155 173
72 49
149 155
105 0
96 105
5 171
93 155
46 93
167 93
42 133
66 184
34 149
93 65
66 118
98 21
42 49
131 112
82 115
185 94
84 92
131 5
100 78
110 123
23 50
28 30
32 110
56 177
103 130
73 47
156 61
110 84
182 183
146 133
59 173
97 152
79 111
149 131
179 141
161 172
26 102
99 14
97 36
149 3
68 112
180 41
78 88
157 50
83 70
25 16
57 65
91 58
165 98
103 31
86 43
163 141
156 39
108 1
21 96
112 26
44 16
111 195
195 59
191 166
58 198
24 7
166 88
72 119
70 182
9 66
173 46
40 162
153 181
100 199
140 187
32 182
170 139
110 47
143 157
138 159
64 32
35 128
141 155
27 71
41 32
59 192
172 50
131 14
97 172
134 70
125 34
23 83
96 44
4 3
96 7
87 185
124 90
66 120
103 156
0 62
104 4
119 80
159 94
20 118
54 141
30 48
58 174
151 11
27 39
116 164
178 33
174 36
23 82
54 19
3 26
190 176
54 134
159 88
140 178
12 117
132 30
119 47
63 142
136 53
111 103
187 12
17 121
96 142
100 175
6 153
11 79
167 13
156 133
29 134
62 49
7 51
199 90
124 182
95 131
91 158
193 1
49 66
158 23
176 28
190 192
3 152
30 104
38 189
107 20
95 23
65 121
67 124
31 42
35 53
161 72
4 152
21 190
84 166
77 19
90 5
47 162
83 121
117 159
182 198
199 168
7 39
155 56
128 169
54 145
53 80
186 105
123 125
42 158
155 58
106 21
52 85
34 39
135 136
57 181
156 36
196 145
49 128
5 54
50 49
116 147
103 3
179 100
50 49
95 30
46 95
30 160
29 60
167 103
161 26
41 192
144 178
75 16
6 14
75 127
26 75
154 153
65 62
15 17
142 56
52 63
158 191
44 53
162 194
174 18
63 20
152 7
23 111
100 134
164 174
64 24
99 94
99 177
111 110
22 189
83 29
8 187
100 120
56 117
65 152
17 62
9 139
105 32
80 125
173 24
122 40
179 180
44 175
2 154
61 126
42 190
20 65
91 25
113 130
163 178
129 88
68 175
51 52
150 177
105 137
132 172
139 47
126 39
88 79
142 182
17 118
38 196
58 51
42 166
13 169
155 32
191 117
83 176
188 100
198 4
154 54
69 71
7 196
182 191
167 88
6 106
177 60
137 100
26 156
153 73
84 50
161 179
117 128
69 86
81 119
61 164
22 138
53 46
195 45
28 37
82 104
22 190
66 106
115 51
43 137
61 19
156 67
198 124
154 83
130 67
143 177
76 12
126 164
131 26
31 16
16 97
124 160
83 13
53 191
180 82
49 36
150 82
1 179
177 193
98 110
94 113
10 124
188 92
107 153
134 135
193 111
29 150
53 77
197 56
69 99
185 130
119 198
25 69
86 108
177 36
23 111
131 192
100 198
175 15
101 151
55 179
26 169
120 32
8 142
74 57
183 98
130 57
0 173
106 169
142 55
47 47
186 35
113 59
82 0
4 8
132 176
151 196
73 87
13 110
117 190
7 185
188 67
125 154
137 112
73 17
169 141
10 111
51 54
192 91
122 156
157 12
126 191
153 116
133 9
71 80
29 22
67 104
44 186
37 108
141 117
199 125
106 131
20 27
89 6
109 154
84 131
35 74
57 0
124 129
30 32
92 134
160 28
67 67
197 198
196 147
129 188
104 105
125 45
122 159
189 146
45 164
159 111
183 90
36 42
84 150
50 48
17 167
90 128
175 149
13 82
139 101
149 28
164 80
119 27
22 73
147 52
83 148
112 191
128 143
145 107
151 33
1 146
36 124
79 198
15 35
130 132
143 171
165 51
46 69
129 162
32 121
129 0
147 162
50 18
58 172
17 12
76 3
29 87
168 48
184 148
97 192
68 145
76 79
108 49
104 76
112 37
154 122
111 82
60 136
137 52
56 50
35 52
36 175
50 176
134 183
170 184
117 39
37 157
101 27
198 34
93 2
122 36
94 183
180 112
108 171
109 108
29 46
21 125
151 172
67 136
48 178
28 171
60 43
43 77
174 159
14 155
116 135
85 67
140 51
12 181
106 111
188 99
41 112
88 134
177 123
126 111
186 4
144 75
164 117
64 68
70 97
96 118
123 6
3 78
117 32
192 162
165 97
22 10
83 44
26 138
124 92
101 98
198 181
135 51
24 58
14 166
7 80
55 139
89 19
185 47
194 194
73 72
184 156
74 133
72 112
12 64
29 36
24 59
83 14
16 59
51 166
31 63
118 151
181 130
7 140
191 128
177 125
160 8
79 86
47 109
25 101
19 40
104 104
85 43
55 198
151 3
108 114
58 188
146 82
39 47
82 173
143 83
145 143
119 60
16 151
38 6
176 154
87 36
188 113
54 68
72 76
119 187
32 64
23 37
33 188
76 173
158 44
157 134
102 144
192 44
104 180
87 154
63 22
82 68
56 94
131 55
150 71
181 175
193 137
19 1
47 154
28 30
89 35
190 106
140 106
77 197
98 97
110 73
35 191
171 198
112 69
47 46
154 52
71 124
157 67
30 169
198 100
107 76
104 172
108 4
173 25
198 75
130 56
113 190
20 179
7 56
194 9
49 1
34 114
108 50
53 151
43 10
135 147
91 85
178 198
116 155
147 135
54 148
142 179
182 54
52 126
158 68
28 36
45 13
159 158
102 80
87 78
168 182
167 195
139 117
174 158
65 24
175 119
94 189
1 156
101 115
198 16
52 115
187 109
22 34
81 79
125 64
81 42
85 13
104 27
132 4
2 77
37 110
172 173
51 24
179 166
95 18
132 179
161 14
18 117
8 1
68 65
130 121
68 48
135 7
78 110
192 25
87 110
82 0
4 56
18 66
186 175
147 19
163 195
29 35
99 143
10 63
43 97
136 68
176 32
177 29
100 108
11 32
11 65
164 67
94 11
128 185
57 166
117 8
69 150
152 182
138 160
129 21
108 116
179 197
184 75
54 33
115 197
57 109
125 75
50 59
180 178
185 169
19 144
169 198
130 91
41 169
139 83
48 38
67 188
29 13
129 56
62 60
12 194
129 41
192 186
122 149
190 25
50 53
32 196
100 164
26 6
102 139
103 197
168 149
107 14
45 67
176 8
111 83
190 57
93 35
154 44
108 11
33 118
54 53
12 98
105 181
173 8
105 89
122 91
31 43
73 123
17 118
20 137
161 49
113 105
1 4
153 199
120 108
38 151
5 57
183 64
146 131
46 175
167 91
79 42
34 107
183 11
41 129
99 169
79 92
112 64
4 62
161 64
110 20
194 1
153 13
87 78
43 138
111 80
26 73
12 198
49 20
188 147
69 84
149 135
47 165
194 86
2 16
111 115
42 115
176 14
142 13
46 8
160 189
41 103
89 108
44 55
168 198
166 98
42 70
59 153
24 150
135 85
138 23
101 18
182 132
49 60
80 25
195 97
31 147
188 6
148 137
41 182
97 100
23 83
94 103
10 140
188 58
33 56
0 7
176 44
74 114
46 98
93 13
76 145
73 177
134 143
82 128
14 135
76 131
169 168
192 181
70 126
42 104
25 13
194 87
195 144
48 138
97 127
40 20
118 156
185 85
127 152
147 65
29 59
14 169
92 132
111 198
198 6
24 55
114 73
83 5
199 155
138 13
70 102
20 144
63 147
141 148
30 155
120 30
91 62
37 117
58 103
172 105
2 158
54 173
61 120
144 161
90 83
89 38
5 192
122 56
141 97
31 53
50 26
82 130
46 103
41 71
129 134
46 124
110 194
198 190
97 71
60 120
69 103
145 51
38 10
81 22
177 2
83 180
143 126
52 32
135 122
12 35
28 75
51 61
105 196
82 98
47 67
134 162
142 97
80 61
169 2
29 112
13 41
84 95
112 87
182 29
84 42
47 113
142 170
87 194
195 155
134 128
24 49
3 157
74 42
185 94
186 79
144 183
125 81
80 104
154 81
40 40
31 192
109 25
36 199
82 107
132 79
85 149
20 129
58 94
117 179
197 86
38 167
39 101
11 29
70 115
197 168
78 12
197 17
76 156
91 54
185 35
117 176
62 184
20 39
142 43
20 7
11 19
18 159
193 25
152 42
58 96
31 196
87 88
110 164
104 6
100 167
77 116
168 40
71 13
134 86
64 182
83 74
168 67
26 119
68 36
22 33
90 75
136 24
119 171
96 159
67 9
190 84
74 45
108 20
125 61
12 117
163 172
12 119
170 107
103 122
119 125
39 8
113 182
176 95
159 108
27 92
133 137
162 128
150 43
50 67
47 124
54 67
40 118
193 130
41 90
87 76
79 44
148 62
143 57
157 177
93 110
194 24
146 60
88 95
132 59
112 83
181 165
121 153
49 70
64 179
177 186
71 103
35 25
54 90
147 64
110 72
78 28
199 113
165 42
86 27
179 94
187 60
153 109
19 15
13 146
111 41
33 53
141 154
195 185
106 28
12 108
116 82
103 140
76 70
22 195
108 118
164 25
57 99
130 155
82 138
131 31
21 26
184 181
138 12
66 16
189 61
102 188
103 21
53 62
157 153
86 143
188 59
125 130
79 188
164 117
9 148
0 188
68 136
156 105
145 78
182 79
19 41
72 29
56 183
73 92
110 161
71 31
173 83
198 22
191 73
62 73
154 34
3 14
98 48
128 143
171 16
176 193
40 159
170 145
174 170
48 24
45 58
66 65
186 103
91 99
150 7
152 181
107 6
69 58
121 6
182 138
121 14
71 8
137 69
155 152
108 7
4 6
95 100
139 56
98 33
97 181
156 146
66 109
194 100
19 54
13 27
26 66
163 148
78 25
188 177
131 148
92 24
148 85
0 79
20 99
110 4
109 173
196 185
54 100
71 55
145 180
43 136
88 83
44 146
99 24
162 21
136 8
149 146
76 69
82 177
121 95
193 16
195 19
35 140
0 190
155 71
98 88
79 100
85 188
14 124
135 156
46 59
137 71
1 22
191 151
48 9
193 114
34 195
182 112
153 131
59 150
172 181
7 29
72 49
153 178
80 132
154 131
132 84
194 111
137 160
108 75
113 77
179 185
168 63
185 180
89 38
130 144
158 59
129 115
150 140
171 141
50 134
79 177
129 94
178 60
165 165
197 115
5 46
189 82
38 174
138 80
177 48
77 13
93 122
7 110
125 62
158 100
149 23
185 18
34 85
7 41
28 134
116 5
62 85
36 180
160 13
106 53
31 55
123 171
185 96
25 157
110 26
4 170
139 4
13 85
56 151
180 150
119 14
20 49
45 160
115 172
184 126
190 151
5 0
197 96
171 43
118 37
91 168
92 41
109 93
61 97
95 74
100 153
28 96
183 166
51 161
153 17
169 23
178 76
148 129
199 183
95 45
24 133
9 194
85 92
169 81
66 9
87 77
137 42
26 60
104 138
182 159
144 150
114 124
127 194
49 36
157 130
112 80
113 168
16 1
186 43
118 101
122 45
104 183
192 39
29 15
149 103
139 154
193 194
41 67
136 72
74 197
170 94
55 29
142 165
100 0
42 123
50 117
66 15
82 28
25 171
64 137
88 100
186 81
164 169
198 161
91 5
149 52
2 120
28 133
27 94
198 138
3 136
21 152
77 90
183 86
151 39
9 11
38 110
96 173
80 161
172 88
37 172
17 91
189 189
136 157
106 20
76 120
54 88
172 146
153 65
41 73
34 16
197 10
24 105
86 37
3 136
4 13
48 12
94 105
19 40
88 192
37 24
117 39
153 115
105 16
10 107
182 95
154 39
194 148
25 79
50 189
124 188
59 178
50 60
176 7
176 187
89 125
112 143
165 135
113 33
109 27
14 6
53 108
71 48
47 42
134 49
172 174
185 14
131 86
6 21
88 20
98 32
140 59
17 174
94 96
67 67
59 145
90 34
73 167
195 154
171 123
163 132
90 155
179 70
56 180
66 30
150 143
81 64
9 141
35 128
69 194
93 141
7 68
126 114
67 92
62 0
123 14
121 73
163 122
91 54
173 140
59 19
116 70
157 136
171 74
67 108
72 37
132 127
190 78
130 105
49 72
67 160
147 186
107 50
83 171
106 104
7 70
50 146
18 130
194 63
191 109
194 117
76 35
156 113
32 182
196 34
164 24
104 126
69 180
117 20
68 155
89 70
108 114
8 26
73 181
35 185
9 143
49 1
116 139
145 165
17 153
121 199
45 66
103 177
180 174
124 198
50 11
97 4
178 163
26 81
137 162
72 13
18 13
104 24
46 21
116 71
137 111
196 61
73 12
30 117
31 16
11 70
102 74
170 147
97 182
105 115
181 167
180 130
20 101
42 90
111 15
179 114
87 36
151 63
37 111
128 61
133 66
145 182
10 50
181 172
50 147
184 37
185 19
176 87
197 184
35 101
18 117
19 11
0 192
82 71
137 80
192 75
4 49
189 52
44 35
153 19
72 21
59 168
137 9
94 21
165 30
5 115
152 173
177 99
54 134
147 150
37 77
28 140
178 1
17 161
17 137
184 102
105 140
53 100
80 143
146 18
161 55
130 43
39 176
121 184
63 187
176 31
73 162
159 13
179 10
64 24
88 71
13 167
141 167
55 31
122 38
48 51
143 108
69 199
193 60
188 86
148 121
82 93
160 141
8 161
71 171
134 129
169 174
9 67
33 69
145 96
162 38
122 149
73 167
151 28
185 87
47 35
121 105
106 124
162 143
38 3
171 119
194 163
25 69
170 170
79 177
53 197
58 91
159 177
114 88
130 6
189 41
143 66
89 41
7 189
22 92
172 115
85 180
125 162
41 183
24 69
39 98
85 124
88 70
115 185
15 41
192 182
175 23
151 147
191 137
14 131
0 152
75 98
184 183
66 96
159 188
6 156
61 20
130 159
145 196
50 146
6 54
7 171
73 18
174 45
57 150
92 155
5 169
41 141
125 14
34 80
173 67
13 139
39 115
11 11
103 117
144 145
107 169
4 142
133 32
73 95
27 180
99 3
105 69
76 20
19 155
104 107
50 95
124 12
178 28
41 99
179 175
103 148
177 52
42 110
103 84
188 105
185 51
8 34
100 53
163 175
78 37
61 55
86 188
77 30
113 56
197 193
185 116
15 68
66 95
52 160
12 4
43 80
144 130
152 193
160 178
65 157
21 108
176 83
90 45
159 59
121 68
79 166
1 67
199 188
132 21
186 64
41 180
91 162
189 18
54 22
125 42
19 12
131 168
134 16
69 88
192 86
82 139
111 154
62 86
150 157
169 74
125 82
27 152
95 88
136 168
170 15
75 52
143 69
29 35
139 108
170 181
57 34
168 146
102 153
173 39
191 23
136 117
139 80
150 155
124 109
1 66
186 76
186 190
194 78
23 67
34 136
47 68
68 143
71 161
101 23
69 149
62 63
176 1
46 108
106 142
77 47
93 153
56 14
8 104
37 68
24 196
51 181
105 127
81 198
184 52
171 170
120 8
189 147
116 21
80 123
61 37
30 42
41 180
174 28
187 11
103 192
13 68
26 28
61 160
21 57
186 177
51 93
193 81
26 25
124 75
51 69
140 0
127 10
8 0
121 81
102 126
153 89
37 100
124 16
45 9
42 115
166 24
18 98
156 169
154 20
1 174
90 74
106 98
90 104
111 83
114 103
98 99
168 57
195 52
126 143
37 93
52 111
174 27
144 110
30 187
172 153
12 141
191 131
175 146
153 28
181 132
197 60
185 185
189 48
144 140
176 47
84 154
53 192
11 6
12 27
148 89
55 100
137 140
79 72
135 118
166 104
116 74
127 102
72 96
70 96
102 87
93 89
128 164
11 14
72 163
149 32
20 77
173 59
104 165
122 57
96 99
23 160
19 124
171 100
196 24
155 8
52 45
109 145
79 3
79 188
142 33
10 12
99 166
140 66
17 130
108 110
189 178
50 198
77 99
85 59
149 162
78 52
123 46
85 127
84 15
98 144
66 30
102 91
54 90
82 98
135 57
19 44
40 120
149 133
179 160
192 2
8 138
163 153
91 127
100 56
44 91
67 73
159 197
45 86
48 99
40 142
174 57
178 90
90 59
48 63
97 57
179 192
151 156
170 126
174 80
170 153
180 125
57 185
82 69
110 112
138 8
117 64
171 143
150 177
51 78
49 94
171 159
137 14
110 191
177 116
174 74
66 89
198 80
142 55
115 5
25 164
194 76
35 57
145 97
61 122
38 88
163 156
101 37
121 168
193 175
164 133
51 39
57 198
131 116
48 3
87 3
46 57
162 32
56 160
103 103
12 61
17 12
107 74
159 152
166 145
115 71
134 105
94 199
94 34
78 11
49 104
60 4
13 119
169 92
131 23
138 82
61 24
171 175
79 61
57 160
10 37
33 117
40 128
65 104
182 31
199 4
169 176
68 119
48 129
162 197
129 146
22 78
70 102
143 10
65 108
104 169
60 98
151 167
129 117
103 161
147 11
150 77
155 12
39 105
85 162
60 113
81 97
117 56
50 1
33 82
56 150
152 4
43 40
77 195
50 83
183 34
131 40
131 7
63 75
87 169
188 160
21 41
25 86
120 86
159 45
183 179
182 179
160 125
19 154
131 28
147 73
116 127
95 108
107 35
96 39
92 196
141 102
162 37
63 119
152 131
51 152
125 34
15 79
192 118
14 1
47 141
45 42
24 106
24 75
105 67
123 124
152 32
121 174
50 2
105 155
115 30
31 76
64 125
5 42
168 24
21 26
103 183
118 8
188 43
11 95
174 149
131 100
153 82
87 148
1 105
154 104
86 61
51 165
180 14
119 115
103 41
24 157
178 121
186 149
132 144
37 162
53 59
124 62
155 181
109 52
20 81
6 97
158 45
84 165
92 120
167 16
178 184
162 64
125 27
114 94
61 172
2 185
79 57
194 175
31 79
14 4
22 199
138 149
177 84
107 20
97 117
111 130
82 35
50 120
52 164
109 25
163 168
145 69
131 139
32 124
101 177
195 197
59 74
43 54
164 88
13 5
20 50
149 35
102 110
144 9
93 87
151 104
196 198
150 192
57 193
69 194
157 40
75 168
190 191
161 199
190 195
39 186
38 118
11 189
71 134
172 78
157 147
9 187
34 79
150 58
14 17
154 40
124 38
48 53
198 96
165 22
139 154
7 103
111 178
52 85
56 156
71 48
8 195
67 128
59 130
46 84
185 64
39 74
135 100
156 194
89 39
154 175
110 138
124 31
5 64
134 23
163 132
152 63
120 134
145 148
102 108
75 197
85 126
164 132
124 88
117 153
127 46
180 118
135 144
96 69
81 28
18 47
176 165
85 178
105 97
75 162
167 168
114 156
42 157
83 138
53 21
89 183
131 9
132 33
48 19
184 169
187 174
138 22
124 146
160 107
160 107
127 23
178 15
102 30
25 25
146 53
150 6
40 128
20 195
47 2
115 52
191 52
136 16
141 85
104 11
74 31
175 96
175 74
97 126
27 177
173 93
150 66
117 58
114 11
115 91
2 174
197 105
177 99
137 24
47 51
133 85
13 57
125 134
109 78
52 63
149 140
148 67
78 150
134 188
185 148
154 77
53 133
110 66
128 170
50 194
19 126
96 152
133 142
55 21
33 153
119 119
145 34
55 160
125 25
56 62
95 151
191 107
92 147
63 146
127 43
28 22
187 195
35 132
50 11
102 196
167 48
31 120
0 183
42 75
192 88
83 193
158 3
104 160
77 82
35 84
53 172
185 117
160 59
144 182
25 168
159 55
21 101
100 70
49 102
78 69
74 79
47 145
99 9
181 116
169 140
74 194
179 151
11 143
136 194
0 145
72 67
181 11
194 141
135 185
128 86
198 74
176 30
93 136
40 16
18 162
121 62
33 83
96 4
166 158
119 51
145 165
171 107
43 85
85 184
145 160
186 72
199 159
174 29
160 140
1 23
38 107
159 61
86 104
88 89
154 6
176 180
45 52
87 129
128 94
45 122
170 108
