100 100
200
47 83
98 0
68 70
39 30
59 77
56 48
62 47
49 78
54 31
1 81
51 65
1 53
80 8
64 6
56 69
12 48
35 23
61 48
99 23
42 57
67 97
0 96
99 34
86 62
98 48
97 21
94 61
4 51
21 68
96 99
14 2
36 74
93 28
14 44
87 55
86 23
19 84
62 61
31 39
73 70
6 4
63 68
74 34
45 90
23 93
74 79
96 27
65 34
16 69
72 49
48 34
94 9
30 57
46 44
11 9
77 23
3 15
45 63
16 60
26 70
97 44
56 32
88 9
77 98
34 83
59 42
45 75
28 40
92 97
2 72
74 90
74 74
30 32
14 90
31 25
33 43
11 72
61 57
56 84
55 91
69 99
17 49
65 75
23 42
16 85
82 83
22 57
78 56
26 3
70 57
79 47
39 63
67 32
12 90
98 65
35 38
77 48
32 86
8 27
64 60
67 66
43 66
98 4
88 99
61 60
79 9
28 4
33 59
40 37
95 41
13 33
55 36
5 81
75 26
96 22
14 8
91 78
13 59
64 39
1 91
62 35
99 42
21 29
81 94
12 95
78 94
1 53
97 7
82 21
23 17
74 75
2 39
46 62
12 30
36 95
29 3
40 93
86 2
33 92
12 38
44 90
64 50
77 88
82 26
6 89
46 28
41 77
64 90
64 38
44 75
96 38
68 99
71 49
55 66
41 65
33 91
30 80
5 81
32 35
45 49
52 90
14 60
75 91
2 51
27 65
43 26
23 24
3 33
52 15
54 13
47 66
0 47
1 29
71 4
80 26
61 19
6 54
50 26
56 59
28 41
77 61
66 77
34 87
12 61
73 94
11 51
76 27
20 21
20 34
39 88
41 68
93 1
26 80
46 88
33 24
87 91
77 90
22 97
53 51
68 18
90 46
0 45
41 83
40 26
42 93
81 58
30 89
65 40
79 85
93 95
5 45
37 34
89 93
73 82
84 54
95 55
39 3
47 85
74 39
71 76
53 59
33 64
93 20
65 78
84 9
58 75
0 4
25 10
40 88
6 86
60 15
11 17
57 20
60 33
59 54
27 19
65 41
86 72
54 68
52 9
38 91
86 92
92 90
28 28
15 15
16 79
47 91
34 97
15 94
95 96
91 14
19 36
74 55
72 41
90 5
44 25
4 14
14 36
62 50
33 32
48 92
27 39
68 56
0 36
66 19
50 23
65 22
73 45
19 33
98 33
39 77
2 7
44 91
25 8
55 68
27 86
83 34
45 79
0 83
40 8
72 70
2 9
56 15
17 31
49 39
96 94
0 24
61 33
55 13
18 17
25 38
74 57
68 69
43 76
96 11
58 11
79 46
38 69
76 35
63 31
49 73
85 71
99 88
61 7
2 6
98 80
8 31
15 4
6 52
79 95
37 48
62 70
40 10
20 51
33 11
12 17
36 18
87 54
0 90
77 39
86 25
50 18
5 17
32 47
78 15
52 56
6 52
27 92
21 60
54 27
51 11
6 5
92 5
48 98
62 17
43 11
25 90
0 79
10 86
28 25
7 7
34 40
95 65
41 8
18 73
48 67
71 32
73 64
1 2
88 30
23 12
98 98
13 76
79 92
75 56
17 56
86 51
85 20
77 80
5 5
67 31
26 22
88 89
29 12
29 26
66 60
97 61
70 54
33 53
20 87
14 18
56 1
40 50
39 25
83 18
53 8
51 3
7 73
91 88
71 63
29 81
83 4
16 28
63 22
58 39
97 6
2 15
24 64
7 72
27 37
48 34
22 10
43 86
49 99
61 3
25 13
19 6
79 66
69 28
31 10
25 42
2 81
8 9
40 72
25 0
63 81
83 66
62 34
3 79
81 4
22 74
23 95
85 20
53 52
50 95
88 81
14 14
55 10
29 27
27 49
71 98
75 81
22 74
91 60
73 46
65 48
55 69
5 92
60 92
22 29
91 90
68 93
96 24
22 45
56 69
36 53
52 65
20 47
88 7
46 10
31 24
94 11
99 94
78 6
5 22
2 76
23 78
37 17
17 10
46 23
20 87
92 92
24 87
19 49
27 5
63 0
66 65
31 14
71 89
9 32
6 93
59 87
46 51
74 97
26 41
83 67
64 9
40 98
16 20
33 54
0 18
20 97
77 70
19 44
35 30
30 36
39 43
88 93
24 12
29 72
58 91
31 23
2 46
82 63
44 22
48 16
48 45
62 67
64 94
17 21
7 65
5 66
69 56
4 48
60 63
21 99
18 7
18 71
48 43
50 55
66 62
94 44
41 29
92 96
20 33
45 79
12 90
82 39
46 79
77 79
66 45
93 42
33 14
24 59
79 58
37 27
13 64
95 82
42 47
0 37
46 20
66 91
30 19
11 43
55 65
21 27
99 36
58 42
0 78
40 7
87 74
17 45
55 30
36 88
25 99
88 20
32 62
93 18
54 15
38 99
57 13
51 13
38 8
59 48
77 26
73 38
31 4
27 51
35 83
12 17
25 72
24 13
46 40
66 46
2 38
9 82
27 36
44 41
77 94
29 66
92 14
54 12
5 34
20 37
13 88
92 27
45 45
78 41
39 32
76 64
57 15
73 0
4 4
86 29
27 18
30 52
16 63
58 41
46 76
81 31
61 30
40 21
2 71
25 5
87 93
65 45
22 3
45 89
18 14
83 93
29 19
57 94
92 6
22 50
76 82
39 95
60 28
95 64
24 51
7 27
28 96
13 31
0 38
58 93
25 19
11 87
99 48
17 55
11 9
23 10
32 2
53 10
84 27
57 90
2 13
1 58
85 72
31 27
14 69
47 22
18 14
20 72
35 98
24 89
78 97
15 5
52 38
39 16
15 15
93 66
13 0
80 39
29 32
75 0
92 60
38 15
60 27
74 16
80 53
94 54
22 95
61 91
14 6
13 77
53 88
79 50
7 68
3 25
6 29
56 50
69 85
39 84
41 38
99 84
69 55
9 82
30 55
51 20
20 74
51 38
16 44
25 55
38 57
71 17
59 53
62 53
78 55
36 97
81 22
92 35
48 97
51 36
29 38
59 66
79 37
81 50
85 57
43 20
85 47
85 68
14 79
5 55
85 17
27 38
47 2
88 32
66 55
17 46
45 86
62 2
64 59
70 27
47 38
52 13
74 78
81 20
13 95
14 43
44 13
94 36
19 83
20 84
90 4
56 96
74 61
26 66
29 59
52 7
38 24
92 99
53 79
31 21
95 6
71 32
67 62
8 0
97 40
36 51
91 41
44 45
96 54
73 50
79 77
35 78
56 14
43 51
52 85
59 61
55 28
15 33
56 40
29 9
91 57
2 26
98 58
44 62
71 71
19 89
48 20
74 98
26 26
10 7
28 12
7 97
83 49
62 55
82 96
11 42
13 32
94 19
53 44
88 26
42 76
76 55
98 86
54 63
87 48
16 14
59 48
84 51
72 81
15 43
41 34
58 96
90 90
67 41
14 11
33 58
68 61
56 17
40 39
47 84
82 16
80 87
94 54
20 88
40 16
29 62
79 54
43 67
67 84
63 23
5 57
79 79
31 7
35 55
12 99
33 90
33 98
27 60
40 16
74 57
25 91
14 35
17 18
12 35
51 71
13 20
21 93
84 10
50 30
85 64
46 39
75 77
90 78
85 37
56 31
12 68
28 15
3 7
18 20
32 60
49 35
93 25
6 30
98 75
21 27
4 22
32 6
55 59
62 95
17 4
81 3
46 74
18 75
43 40
28 68
14 5
61 48
40 65
28 81
29 51
69 72
41 90
54 49
75 22
33 69
68 49
77 74
76 90
6 11
29 91
54 20
35 54
59 5
71 84
65 21
63 97
64 93
24 40
26 14
99 47
30 22
35 89
63 78
83 48
24 30
68 42
89 53
82 62
53 4
77 72
65 40
51 52
74 78
32 17
63 42
63 78
24 84
55 59
27 78
78 44
59 20
16 52
98 18
4 74
81 53
25 57
30 84
6 11
46 90
36 56
73 11
54 47
45 83
52 12
69 56
97 40
59 76
41 77
22 97
63 44
37 16
73 30
5 38
39 18
92 97
20 97
5 87
47 69
85 44
41 86
72 66
67 22
71 92
95 89
24 19
96 33
11 7
63 48
61 48
40 4
27 87
52 69
29 0
32 7
91 13
36 31
2 59
83 40
57 14
21 92
43 83
22 77
28 63
77 20
96 53
62 96
31 9
5 31
62 35
64 0
65 93
16 77
82 59
3 76
56 67
58 43
47 15
94 32
23 49
7 5
96 72
95 0
10 96
18 44
71 79
51 74
6 56
18 0
78 72
91 84
15 71
24 49
88 7
73 59
23 67
36 76
82 66
57 84
54 10
19 21
35 88
31 98
20 12
48 94
65 60
23 60
15 98
90 40
37 35
57 97
63 31
15 33
28 4
3 81
83 2
97 15
57 26
63 28
1 48
41 43
60 34
59 10
30 36
7 25
26 29
5 14
64 36
31 14
63 43
12 1
3 89
79 75
76 30
34 55
91 85
90 59
64 7
11 73
22 87
20 50
74 59
95 68
76 27
67 83
96 97
67 4
54 3
84 0
72 6
77 87
12 22
47 9
70 17
99 33
46 38
66 87
27 2
65 34
64 20
77 76
19 27
5 10
42 57
97 59
66 44
64 80
51 14
65 33
25 88
63 55
9 52
68 15
75 3
73 36
75 33
29 70
52 60
72 2
68 22
82 55
48 96
61 41
66 67
98 42
49 61
86 2
21 52
34 89
64 38
30 36
43 23
16 31
81 67
24 24
42 81
17 82
84 78
32 21
74 19
99 97
64 73
18 84
45 38
1 41
85 40
43 84
97 3
96 30
36 86
70 89
2 23
38 95
10 97
4 61
20 64
84 0
69 77
35 72
31 17
25 17
78 64
23 20
43 32
94 70
37 24
49 96
31 59
84 24
42 45
16 71
20 50
0 69
53 95
34 1
47 19
77 81
44 18
56 56
64 93
34 75
59 19
3 71
35 28
74 12
54 20
98 98
17 48
66 32
38 68
33 84
62 43
19 46
61 67
60 64
71 66
12 61
38 74
31 78
68 6
14 38
27 81
77 40
40 27
92 11
8 86
89 3
38 16
88 31
32 70
59 47
58 81
86 26
62 73
26 61
9 95
79 53
26 63
38 26
7 93
97 11
21 10
80 18
95 80
8 75
83 81
99 38
29 77
72 18
60 94
36 31
16 86
73 54
58 58
41 71
47 28
47 70
3 29
57 29
26 70
94 85
38 80
70 83
70 71
62 39
18 84
87 8
18 91
48 90
23 43
36 99
60 39
83 59
93 51
42 1
79 7
37 64
88 14
99 58
63 95
61 98
35 17
89 9
75 80
55 19
57 32
58 81
99 96
69 60
49 19
48 25
23 18
23 23
39 38
17 50
74 44
15 92
25 5
53 9
93 70
42 23
73 15
34 66
17 60
65 5
28 93
16 91
70 5
91 27
97 11
2 44
78 35
40 14
90 28
15 38
74 24
63 20
76 12
43 34
51 44
41 94
30 83
46 79
91 85
65 3
16 84
3 63
61 39
70 71
41 47
83 46
33 86
71 19
95 53
83 19
63 78
62 34
29 44
81 6
74 43
48 45
20 87
44 8
68 13
10 84
13 27
37 95
94 21
99 0
47 81
52 40
48 53
5 32
88 88
49 79
57 79
57 16
25 10
73 70
19 69
86 4
91 31
57 74
28 49
55 69
3 62
52 24
27 84
62 26
49 14
14 18
11 58
81 22
35 72
88 98
0 62
80 85
11 23
59 94
78 31
32 60
47 57
51 16
83 1
36 13
4 11
21 23
12 9
50 72
58 90
29 4
35 68
41 27
18 42
47 48
87 44
81 60
25 24
83 60
1 91
58 59
70 39
74 16
66 63
97 16
48 69
26 68
79 86
8 43
54 39
97 49
71 34
86 47
98 26
74 35
2 72
60 68
87 28
87 46
53 49
3 6
20 34
0 90
55 81
39 75
97 82
90 76
61 80
22 40
19 27
13 11
82 57
1 97
84 50
65 5
39 41
88 64
29 49
91 62
58 39
78 83
55 3
10 74
53 32
91 53
11 57
63 92
40 35
82 84
63 53
2 63
28 21
4 46
57 65
14 78
13 95
89 18
9 35
75 4
64 17
30 65
8 51
40 37
43 21
4 78
47 87
49 52
0 3
26 65
96 78
48 20
90 79
77 15
67 49
30 98
70 76
23 26
68 17
4 35
45 16
99 37
97 34
63 40
0 51
42 43
18 7
59 89
77 39
99 20
98 31
1 48
36 35
4 6
61 30
4 16
15 78
93 25
22 48
61 45
75 10
26 36
71 35
47 17
7 94
58 80
99 96
46 55
8 96
11 69
55 28
86 84
10 58
32 14
6 61
48 75
78 71
47 74
84 7
63 93
2 18
40 89
33 56
53 53
53 70
72 86
25 99
42 41
19 27
19 29
88 6
65 96
28 36
84 95
4 80
81 87
52 64
12 33
97 43
6 82
80 7
41 20
88 45
17 38
16 40
54 0
57 1
33 4
97 39
32 37
74 69
60 85
43 61
91 53
29 73
90 37
45 39
16 36
76 96
64 43
12 62
85 27
29 85
86 54
81 90
99 40
60 37
6 96
87 79
84 83
82 24
77 13
46 88
84 57
30 83
3 81
11 24
39 20
54 35
1 71
4 7
47 63
61 26
95 8
25 94
13 6
9 42
88 99
58 49
79 7
74 75
84 25
10 38
78 49
79 13
45 95
85 15
56 49
83 21
3 55
10 73
27 41
30 52
90 8
66 59
40 1
84 96
46 11
29 71
79 70
42 8
86 36
32 62
65 43
42 56
64 48
15 2
87 65
82 51
19 71
34 78
16 35
51 95
80 65
52 24
81 49
84 92
41 17
15 42
95 58
79 27
31 65
48 54
51 77
37 43
43 12
57 68
23 33
32 83
59 70
41 56
83 99
15 37
0 23
69 33
18 26
20 11
27 56
96 84
0 26
4 27
56 58
54 97
0 85
51 59
98 24
22 20
79 28
92 46
63 30
19 14
11 49
21 66
58 56
26 25
65 55
84 33
42 63
66 1
25 74
92 10
26 13
87 99
29 12
44 84
9 73
54 33
28 86
98 17
26 82
48 42
94 13
89 71
19 50
50 50
14 93
72 52
66 26
81 25
53 4
40 43
80 41
97 9
61 56
42 13
8 76
53 99
95 42
68 13
43 58
35 36
32 61
38 91
16 3
19 13
21 90
29 74
76 29
78 81
18 88
44 66
60 87
26 40
8 64
56 17
93 66
36 3
43 74
96 72
64 4
39 17
74 34
88 21
48 49
32 61
9 44
42 98
34 46
54 50
84 56
50 49
48 88
77 51
3 98
20 50
42 61
22 30
26 40
69 1
92 2
30 14
26 15
2 11
27 56
95 56
23 60
80 62
5 7
45 91
97 40
58 27
72 5
53 2
4 77
8 92
39 86
62 38
98 14
90 8
35 15
75 32
89 24
32 22
38 16
69 42
28 9
52 86
92 27
65 17
89 17
11 49
22 66
42 37
84 14
39 48
11 92
18 68
17 45
43 87
90 76
6 89
80 20
9 32
65 17
43 61
20 20
63 31
17 32
47 49
87 87
58 24
8 57
82 72
16 36
97 14
42 12
10 34
53 39
10 39
87 91
94 41
51 65
15 50
88 94
91 59
98 35
3 65
68 73
72 27
49 40
72 6
58 98
85 16
88 8
12 97
3 67
14 26
72 93
10 90
23 25
46 68
31 26
52 10
73 39
67 54
78 37
36 73
56 89
19 14
72 61
42 24
86 93
86 49
69 64
29 39
57 7
6 41
69 29
14 79
35 15
90 54
41 60
82 65
90 38
49 46
99 38
12 66
40 85
33 22
27 73
12 89
12 63
10 62
82 46
33 15
80 0
46 94
67 32
13 39
70 20
27 1
28 62
22 74
96 89
78 47
52 25
82 68
86 86
17 33
29 34
76 95
49 82
20 34
66 34
72 98
90 27
80 87
37 57
76 50
84 92
0 48
5 97
34 60
35 26
82 72
91 18
49 72
90 59
0 9
75 31
35 86
49 51
40 1
41 96
19 59
52 31
70 92
48 35
68 68
45 21
21 21
26 39
70 20
2 15
70 22
51 15
30 95
73 62
9 87
31 73
51 73
34 77
38 57
28 72
65 76
20 76
13 45
90 36
11 23
68 8
1 58
53 38
71 51
79 90
67 7
55 89
41 54
34 84
10 10
54 53
12 65
58 16
5 69
1 23
99 53
61 78
0 57
28 14
30 55
88 70
21 16
51 51
90 18
82 22
98 25
78 87
25 54
94 93
2 50
13 53
44 75
2 34
52 19
10 11
7 48
9 15
97 70
23 34
48 93
47 60
22 55
30 63
3 77
70 70
49 43
89 9
68 26
68 95
86 52
54 73
47 10
23 61
75 33
69 53
50 42
41 69
52 27
89 69
43 65
70 19
82 96
96 52
74 71
2 28
20 57
65 17
94 22
19 37
85 92
86 29
75 65
91 82
87 83
97 35
59 94
64 34
77 71
36 86
91 91
57 58
48 26
54 86
44 51
32 61
16 69
92 73
68 73
59 10
55 14
54 14
65 33
2 59
14 51
70 44
31 5
77 53
81 77
16 39
97 10
87 66
69 41
95 13
26 93
57 68
49 69
85 71
39 44
27 82
17 35
65 18
35 15
92 47
50 45
18 26
80 28
19 79
54 20
5 25
15 30
49 20
11 59
85 64
87 39
26 48
81 1
61 44
43 15
67 21
46 3
85 88
94 35
64 74
62 7
61 11
71 32
30 46
92 19
63 79
49 85
93 58
74 19
23 99
93 73
6 37
75 58
82 52
61 94
81 77
81 61
21 35
20 74
33 85
15 86
84 98
90 67
43 7
0 56
51 80
10 26
40 84
34 54
18 76
2 16
74 79
47 20
1 76
92 67
59 18
66 93
66 18
34 85
77 94
25 6
35 14
29 50
52 89
46 60
35 83
28 58
94 26
