50 50
200
36 9
5 49
15 23
12 0
18 27
7 14
19 29
18 28
28 48
29 19
0 28
33 7
30 37
5 41
45 48
21 46
27 37
30 18
20 15
44 44
13 19
35 34
3 5
28 29
5 46
16 18
16 40
43 37
28 46
19 35
19 7
39 31
40 41
9 12
23 10
5 5
34 3
15 21
25 45
27 40
18 22
3 15
15 28
49 44
19 41
44 4
18 22
11 1
26 26
9 1
20 26
38 47
18 3
7 13
24 1
7 35
31 31
15 41
39 20
39 31
18 36
8 11
36 0
19 15
33 45
10 10
40 4
20 45
0 16
11 7
20 17
46 11
26 27
23 36
45 45
1 38
24 0
15 19
1 39
1 25
14 6
47 19
27 37
4 43
14 28
19 27
3 44
35 15
33 32
40 10
33 5
10 4
16 0
25 5
9 10
31 36
0 6
42 13
25 20
15 49
17 31
49 48
2 10
34 8
21 14
6 28
17 42
49 17
18 12
32 32
5 27
10 33
36 34
4 35
6 22
26 3
0 14
41 23
45 17
25 16
22 40
32 15
39 11
26 0
15 49
40 1
35 44
39 3
37 3
29 2
47 12
25 21
17 35
35 1
10 21
35 36
48 38
44 47
12 28
29 42
23 34
1 32
4 31
9 41
4 48
37 43
31 36
32 45
30 47
9 35
32 11
37 46
33 40
19 32
35 19
8 46
20 23
10 36
28 41
35 33
16 26
4 34
26 2
14 0
28 27
48 11
1 31
30 2
15 18
47 5
23 36
5 19
4 41
37 24
10 12
33 16
26 11
0 12
33 20
17 42
38 29
36 32
46 6
12 5
24 29
24 23
7 44
39 31
37 9
3 37
0 40
48 34
10 1
41 14
4 6
11 7
13 12
39 35
20 39
37 14
26 16
42 28
40 6
26 48
49 5
26 18
8 23
18 47
34 21
15 35
20 49
9 16
22 46
6 32
31 48
12 16
27 40
9 1
28 38
39 32
5 5
19 9
12 22
7 27
5 1
38 20
28 20
42 0
9 36
8 28
3 18
47 43
40 11
10 24
12 36
14 3
38 10
3 43
21 31
44 5
7 1
5 16
24 11
20 34
21 22
17 12
40 19
49 16
19 17
30 4
35 38
6 23
45 34
5 14
27 17
28 48
39 46
35 6
18 31
43 42
45 1
1 22
31 15
46 6
27 40
37 16
32 40
19 34
27 42
48 37
6 33
33 45
10 25
11 48
23 6
6 35
32 39
47 40
32 1
8 42
34 7
25 40
4 39
20 48
19 25
4 2
24 39
37 42
14 36
29 37
35 26
38 2
41 0
15 20
38 10
20 22
49 15
16 36
47 41
20 33
45 16
13 49
34 9
27 40
13 14
48 35
37 37
32 45
5 9
25 36
43 27
48 16
44 19
44 16
48 38
39 6
2 11
4 49
19 0
49 19
40 11
26 28
28 18
48 43
47 2
47 34
27 2
34 45
43 22
14 28
13 39
4 7
13 49
8 6
28 42
7 33
19 41
19 11
46 32
20 13
13 10
27 45
12 4
2 7
0 9
42 12
3 13
13 36
44 14
1 44
11 45
28 21
0 11
27 22
16 38
37 23
16 22
22 39
26 37
47 28
10 33
47 35
1 39
22 34
23 10
15 19
9 49
39 15
32 39
44 25
48 30
17 11
21 43
28 2
18 7
2 31
1 45
26 38
18 19
36 24
46 24
49 29
1 27
14 26
40 42
19 12
31 12
24 27
10 1
47 2
32 7
3 27
30 15
20 35
49 48
11 39
4 43
23 44
21 3
14 14
36 29
39 8
43 18
13 12
7 44
36 21
15 14
42 5
47 30
26 1
6 9
18 39
21 6
23 36
39 0
12 27
26 31
35 38
47 12
38 36
22 2
13 11
16 1
12 39
18 19
5 22
27 26
24 5
2 19
44 17
0 13
22 45
7 14
45 29
47 2
14 26
14 48
13 28
16 38
13 48
23 16
23 10
8 30
7 17
8 28
22 24
0 14
32 6
12 15
42 45
33 48
28 40
12 34
2 33
8 4
1 29
31 37
8 3
11 3
41 37
44 37
18 41
46 14
30 16
49 45
19 48
35 4
34 42
9 16
10 47
20 0
32 13
22 45
27 27
38 11
25 17
45 17
36 17
11 30
35 24
9 16
9 44
13 18
47 2
46 28
3 20
37 7
18 13
14 12
22 29
26 46
28 15
35 0
10 27
6 8
19 43
2 8
33 31
30 23
33 19
