50 50
200
46 47
14 46
18 45
10 43
26 34
13 11
5 5
24 37
6 21
30 15
2 49
25 20
12 9
27 40
1 25
39 33
39 25
18 41
13 26
36 36
35 26
0 13
39 35
13 0
18 32
14 48
22 15
22 32
12 11
15 8
43 19
46 27
32 27
31 48
46 39
38 40
32 37
31 10
43 9
28 14
45 17
15 4
28 4
20 0
35 44
16 44
20 29
33 39
1 34
2 9
10 28
0 16
5 31
45 22
14 2
17 23
5 22
41 4
37 5
38 15
26 25
27 32
17 35
22 35
15 31
7 0
5 13
32 38
43 43
31 5
48 14
18 46
20 1
29 31
34 10
32 29
13 23
32 31
10 24
44 44
31 16
1 45
33 45
46 12
44 11
5 35
33 45
18 36
0 11
28 11
45 7
8 27
26 24
12 22
31 28
31 25
38 15
35 4
46 28
32 41
0 24
39 28
0 37
2 30
0 11
29 7
38 4
5 45
25 49
28 30
32 27
9 37
44 32
8 42
27 0
14 40
34 44
15 47
8 11
42 37
25 23
21 33
45 15
23 28
10 2
8 44
16 15
42 33
29 0
0 2
39 3
14 8
2 2
20 11
18 15
17 34
28 23
3 3
3 34
11 30
49 3
48 33
15 0
44 3
39 14
4 7
14 13
28 19
5 32
37 38
13 37
20 19
23 17
38 49
32 18
1 36
7 10
0 0
28 16
26 17
45 6
21 26
3 41
35 24
5 40
6 36
44 17
4 34
43 32
5 43
35 11
10 20
39 20
27 23
38 12
15 1
39 0
23 38
11 2
7 48
17 12
22 28
28 48
7 34
42 12
13 19
38 38
43 8
37 34
1 28
23 48
48 34
9 29
29 33
0 18
49 22
8 3
11 22
31 13
39 47
45 18
15 14
20 9
34 6
11 22
10 14
38 44
21 38
25 11
43 28
3 35
37 33
0 18
34 47
10 27
35 14
12 5
13 9
22 10
29 32
8 28
0 4
38 9
24 19
34 28
19 2
18 43
23 28
25 5
18 24
5 1
12 11
23 36
32 12
47 39
2 27
13 0
10 14
8 23
2 44
10 23
45 27
35 19
3 45
32 33
46 1
12 28
32 12
9 4
24 22
18 15
18 26
30 47
10 14
35 1
25 6
30 45
11 31
39 9
22 25
9 47
24 1
15 47
15 11
49 37
18 25
15 18
33 6
1 28
7 18
46 31
10 26
14 28
13 46
20 18
27 49
26 27
38 29
38 24
34 9
20 19
40 26
40 46
44 5
46 44
8 15
36 45
39 6
25 21
38 39
20 34
25 46
26 30
27 10
1 9
18 46
10 14
35 35
43 0
14 46
11 9
23 34
11 17
6 27
44 8
42 9
9 1
20 31
31 40
46 45
33 34
28 0
45 34
41 19
25 33
45 26
48 28
17 9
20 21
1 49
11 26
20 42
1 9
32 11
37 24
7 8
29 40
47 36
33 18
14 39
24 4
1 44
9 7
25 27
42 43
14 26
12 42
10 48
32 5
42 43
4 42
41 14
14 22
15 36
35 36
15 25
4 46
17 1
15 37
16 19
46 49
34 17
22 42
19 7
28 35
31 25
7 22
30 0
6 4
49 24
17 30
40 29
13 44
45 38
27 29
14 10
24 28
45 45
0 8
9 49
25 28
1 43
40 23
1 8
6 39
40 6
10 2
24 7
10 44
4 11
46 2
10 19
31 31
47 16
14 25
12 45
6 35
4 46
44 41
41 16
35 24
38 28
0 1
25 44
46 15
45 40
2 17
15 36
44 36
6 45
12 3
43 44
6 33
35 11
37 18
45 24
46 13
19 32
7 3
30 6
10 11
34 36
40 21
5 14
48 23
13 41
48 46
32 4
48 3
6 27
47 8
45 39
33 12
39 17
27 45
0 8
42 6
48 48
25 38
44 35
20 27
45 21
45 41
18 15
10 42
38 5
4 17
0 17
43 24
18 0
24 40
33 19
4 38
10 9
39 40
4 12
45 47
48 31
11 29
33 12
0 30
7 47
25 49
10 23
35 8
26 18
42 29
15 36
3 42
5 24
19 8
9 8
4 24
14 35
26 48
47 27
0 29
10 48
49 6
46 3
28 24
21 24
12 29
20 22
47 41
26 16
16 40
28 32
2 31
18 15
41 25
49 38
6 37
27 36
15 20
49 44
25 22
20 46
7 6
34 39
12 2
32 43
0 16
46 4
41 37
37 6
35 45
44 15
6 8
49 31
34 20
2 32
36 20
19 6
19 32
29 1
19 30
30 36
6 31
39 42
13 28
39 20
2 9
42 26
31 44
45 21
5 43
46 27
17 20
49 13
10 16
31 20
27 49
42 19
29 0
26 48
37 12
17 37
11 12
44 35
0 46
46 42
5 9
2 28
44 6
48 23
24 26
35 7
49 12
25 4
32 40
30 29
21 20
34 33
41 31
17 10
43 16
19 9
45 45
25 16
38 42
43 26
27 17
44 44
8 45
29 30
13 8
27 11
38 3
7 15
49 11
2 19
25 39
5 11
41 44
49 31
36 23
11 25
1 2
20 1
3 15
6 25
43 39
14 34
14 14
9 26
35 33
34 0
10 16
34 27
46 33
44 5
32 49
17 31
6 24
46 14
19 29
23 0
15 36
2 45
39 4
41 21
22 39
35 3
18 11
35 34
42 7
10 45
45 6
44 24
8 5
28 16
0 3
43 6
3 24
16 48
5 22
14 30
15 16
25 5
29 42
13 38
39 18
20 19
2 49
20 46
17 47
2 47
14 32
26 39
19 41
30 13
7 7
43 9
7 28
9 21
3 41
42 4
27 6
24 44
17 1
29 6
43 29
31 46
2 10
37 48
46 33
32 26
47 6
8 17
49 18
25 21
44 16
5 25
20 37
7 31
5 27
13 0
15 15
11 28
17 7
29 10
34 37
47 37
7 44
41 25
17 11
27 37
20 36
16 20
20 12
9 16
8 47
24 14
13 9
35 14
2 31
9 30
45 34
18 26
33 39
10 19
25 5
15 48
15 39
1 36
48 13
8 8
48 24
31 10
23 34
8 42
36 47
31 17
8 34
29 1
2 19
5 37
35 24
17 26
4 27
32 30
15 46
13 19
10 47
6 46
20 3
1 48
32 38
42 31
33 39
46 7
9 9
24 8
10 2
47 3
22 23
40 40
7 28
49 19
37 3
2 44
5 9
40 5
3 15
15 47
4 6
41 18
2 9
13 15
10 6
9 2
9 8
11 4
42 23
36 23
17 23
24 11
6 37
6 9
8 13
38 12
6 26
29 22
40 18
8 13
34 41
12 7
41 16
43 5
21 38
18 18
35 49
36 16
1 12
32 30
40 35
38 3
31 17
17 22
10 3
43 2
33 45
15 37
45 34
25 41
40 34
44 39
48 37
23 13
41 9
44 35
26 36
42 1
12 10
9 4
49 40
6 42
39 48
11 15
1 34
0 44
41 1
15 6
41 37
12 29
35 0
4 43
10 2
47 22
2 15
42 49
6 1
18 23
10 9
7 24
7 25
26 22
24 18
39 31
43 6
6 3
30 19
13 24
0 15
33 15
14 7
45 37
12 22
4 43
