80 80
200
57 47
60 45
74 34
42 70
1 38
63 65
70 43
47 72
43 33
40 19
26 52
42 38
13 60
9 40
65 16
30 36
59 78
72 79
76 29
20 0
15 10
49 33
22 13
70 34
27 59
18 56
2 36
47 27
13 17
37 37
25 30
74 26
71 47
44 15
6 25
74 10
42 65
13 32
12 44
5 50
50 76
57 75
46 24
74 51
29 39
25 32
16 43
15 75
26 18
2 70
3 25
10 60
55 56
62 27
56 44
10 30
48 28
35 17
0 17
1 8
64 20
28 67
47 31
77 64
45 30
34 31
79 62
11 60
5 64
76 47
69 28
54 53
12 40
2 59
0 8
44 9
63 17
73 65
4 28
51 31
70 55
20 37
69 42
23 18
5 14
0 17
21 33
23 59
48 54
69 36
55 10
43 25
38 32
74 62
69 74
59 71
53 42
22 57
64 41
20 22
2 47
57 26
75 7
43 79
4 26
41 43
17 4
32 1
16 67
61 76
72 59
39 39
5 3
47 69
67 52
62 18
63 45
7 47
50 63
20 72
44 26
36 8
40 72
66 48
69 79
25 78
13 50
42 58
50 79
5 11
5 12
69 54
3 14
13 64
36 53
4 20
54 0
65 42
26 63
66 46
40 40
0 10
74 71
15 43
19 15
46 66
38 28
73 72
72 63
17 46
0 74
1 53
26 69
38 46
25 18
49 43
32 42
5 37
71 75
17 63
9 43
23 55
59 32
30 24
53 41
52 67
31 42
56 4
7 36
6 1
26 35
35 61
61 19
28 61
25 29
73 42
43 28
63 37
45 61
72 37
38 61
21 8
26 18
3 61
77 59
43 21
28 56
36 23
22 53
42 35
53 32
72 79
49 19
5 47
26 78
32 15
33 35
68 61
52 76
74 34
7 13
9 53
35 63
57 13
69 72
0 75
66 79
17 26
68 30
36 3
24 22
73 44
37 59
75 60
5 37
51 43
21 3
15 71
32 43
39 4
52 29
76 68
74 47
18 24
11 70
35 4
63 78
24 23
6 34
69 6
25 11
21 72
78 46
76 51
13 49
67 33
42 58
77 16
32 55
43 10
53 28
17 66
31 50
13 29
64 21
76 4
53 23
52 50
75 2
46 41
0 26
66 34
15 34
72 55
14 65
36 43
27 75
73 18
54 17
23 8
3 7
59 5
2 66
4 65
54 27
5 21
34 48
29 14
53 73
18 22
67 33
27 65
51 8
42 13
74 41
66 43
18 10
47 65
49 38
79 79
1 68
57 62
69 20
36 5
55 64
35 53
17 0
52 31
49 42
41 74
45 73
13 69
77 50
75 62
26 24
79 2
48 62
63 41
11 32
24 14
73 35
79 11
79 11
13 7
10 68
53 34
10 63
11 77
11 3
14 42
9 10
35 17
73 52
36 24
42 59
60 35
69 0
47 10
79 11
6 60
40 56
75 73
42 42
55 52
72 6
15 38
44 2
55 11
33 29
21 55
2 42
48 30
60 14
51 64
32 46
27 12
60 23
38 44
53 32
57 20
63 28
46 41
41 40
9 2
28 34
31 61
63 60
44 20
79 79
77 45
69 78
8 62
26 70
77 61
46 52
72 46
71 16
7 73
39 12
20 77
69 40
8 39
5 6
64 3
11 44
51 39
57 39
48 79
60 38
58 55
20 5
43 26
13 44
71 57
38 56
10 35
16 37
12 57
51 56
7 79
23 7
7 6
51 4
60 16
54 34
38 14
40 18
41 29
24 46
22 3
53 55
13 72
36 26
21 2
10 50
27 36
8 54
6 27
26 40
55 35
24 34
47 35
60 77
13 35
20 22
36 77
21 23
20 50
70 0
67 65
5 61
21 4
31 62
66 0
12 40
76 3
41 13
26 60
9 58
5 71
60 78
15 53
59 20
36 46
18 25
39 19
0 3
35 61
20 72
43 22
59 20
28 63
19 15
26 42
68 60
5 7
74 6
30 77
76 40
68 53
8 9
67 79
16 42
41 24
39 36
41 43
75 15
31 73
3 54
79 48
10 6
36 4
8 57
45 48
57 54
60 16
3 74
56 63
16 52
19 27
6 7
9 34
26 76
50 18
20 5
63 69
70 5
27 58
45 56
29 64
61 76
42 3
3 0
11 73
29 21
14 12
10 70
13 43
44 28
64 54
58 73
55 79
1 58
4 40
55 42
2 21
13 46
66 48
72 79
21 39
12 8
1 3
13 76
55 38
72 12
71 12
38 50
25 29
43 6
26 59
35 38
0 4
57 58
22 38
34 22
77 5
41 6
48 77
61 25
37 39
3 60
48 12
10 6
27 27
39 25
64 38
62 37
54 51
39 19
46 37
53 53
39 56
64 66
79 71
3 61
78 36
2 65
56 68
21 75
21 15
57 68
43 23
14 26
29 23
65 20
47 51
8 54
27 64
55 68
70 32
50 60
26 76
4 31
43 16
31 1
10 18
38 50
49 79
1 43
13 29
57 56
75 22
64 6
13 26
76 66
6 71
17 26
7 50
28 4
53 34
26 78
15 28
46 67
10 46
43 62
19 52
46 13
7 79
41 0
14 21
37 52
29 12
64 17
28 66
77 52
58 23
28 79
23 32
76 12
67 33
16 22
14 60
70 19
23 48
78 28
11 66
7 0
75 50
74 77
62 10
78 50
67 55
5 77
7 58
14 24
36 28
54 3
23 54
11 61
73 68
17 77
67 13
21 15
14 23
36 72
33 20
15 44
52 59
43 51
53 79
61 77
32 1
20 41
8 65
12 42
38 24
78 6
56 14
3 67
53 13
19 70
69 54
16 14
2 8
73 64
33 27
1 6
26 66
31 6
6 32
24 16
64 33
41 79
4 58
12 18
58 30
54 27
2 65
67 20
29 6
35 20
18 30
45 15
67 7
47 48
3 26
42 36
26 19
79 23
79 75
79 41
35 70
22 46
33 32
73 61
66 32
68 12
37 75
5 24
8 59
12 60
70 62
3 46
62 63
28 69
15 13
8 19
65 5
33 15
45 23
5 5
43 4
73 3
77 37
41 49
47 42
38 10
13 31
49 79
25 19
33 1
78 70
24 34
34 78
62 29
50 57
28 72
54 24
44 57
46 77
17 6
54 72
23 66
72 68
2 26
36 34
40 38
78 17
67 55
46 15
37 37
56 52
11 29
42 32
42 34
62 46
8 23
24 34
14 22
32 76
17 21
70 2
29 67
14 46
8 54
74 1
37 10
34 75
55 65
25 56
13 22
13 53
71 7
62 3
3 13
17 60
74 59
66 23
29 3
59 62
9 76
39 41
0 60
32 57
24 71
37 42
18 78
60 25
61 0
26 4
73 64
45 19
45 45
16 20
57 22
73 54
35 39
21 6
56 59
78 70
19 16
38 60
72 13
20 58
73 72
61 31
55 69
30 9
50 2
9 21
12 61
34 28
10 2
36 18
20 15
14 56
66 32
1 73
47 67
5 53
41 79
62 9
76 77
9 49
58 62
39 51
30 14
65 5
43 5
45 10
31 4
9 24
33 48
50 58
15 15
62 75
71 77
32 78
69 32
37 22
32 55
46 7
49 1
63 51
26 44
15 20
51 22
20 74
76 73
3 48
